!MOLECULE
13C18O
!MOLECULAR WEIGHT
31.0
!NUMBER OF ENERGY LEVELS
   102
!LEVEL + ENERGIES(cm^-1) + WEIGHT + v + Q
    1      0.000000000   2.0              0           R  0
    2      3.492700000   6.0              0           R  1
    3     10.478169000  10.0              0               
    4     20.956100000  14.0              0           R  3
    5     34.926069000  18.0              0               
    6     52.387600000  22.0              0           R  5
    7     73.340132000  26.0              0               
    8     97.782983000  30.0              0               
    9    125.715100000  34.0              0           R  8
   10    157.135721000  38.0              0               
   11    192.043700000  42.0              0           R 10
   12    230.437800000  46.0              0               
   13    272.316700000  50.0              0           R 12
   14    317.678951000  54.0              0               
   15    366.523000000  58.0              0           R 14
   16    418.847100000  62.0              0           R 15
   17    474.649474000  66.0              0               
   18    533.928200000  70.0              0           R 17
   19    596.681176000  74.0              0               
   20    662.906200000  78.0              0           R 19
   21    732.601067000  82.0              0               
   22    805.763345000  86.0              0               
   23    882.390400000  90.0              0           R 22
   24    962.479664000  94.0              0               
   25   1046.028363000  98.0              0               
   26   1133.033500000 102.0              0           R 25
   27   1223.492141000 106.0              0               
   28   1317.401100000 110.0              0           R 27
   29   1414.757156000 114.0              0               
   30   1515.556952000 118.0              0               
   31   1619.796900000 122.0              0           R 30
   32   1727.473400000 126.0              0           R 31
   33   1838.582759000 130.0              0               
   34   1953.121100000 134.0              0           R 33
   35   2043.692900000   2.0              1           R  0
   36   2047.155398000   6.0              1               
   37   2054.080275000  10.0              1               
   38   2064.467300000  14.0              1           R  3
   39   2071.084400000 138.0              0           R 34
   40   2078.316080000  18.0              1               
   41   2095.626167000  22.0              1               
   42   2116.396900000  26.0              1           R  6
   43   2140.627600000  30.0              1           R  7
   44   2168.317400000  34.0              1           R  8
   45   2192.468629000 142.0              0               
   46   2199.465347000  38.0              1               
   47   2234.070395000  42.0              1               
   48   2272.131200000  46.0              1           R 11
   49   2313.646500000  50.0              1           R 12
   50   2317.269600000 146.0              0           R 36
   51   2358.614891000  54.0              1               
   52   2407.034770000  58.0              1               
   53   2445.482800000 150.0              0           R 37
   54   2458.904455000  62.0              1               
   55   2514.222100000  66.0              1           R 16
   56   2572.985700000  70.0              1           R 17
   57   2577.103936000 154.0              0               
   58   2635.193335000  74.0              1               
   59   2700.842800000  78.0              1           R 19
   60   2712.128400000 158.0              0           R 39
   61   2769.931700000  82.0              1           R 20
   62   2842.457719000  86.0              1               
   63   2850.551463000 162.0              0               
   64   2918.418300000  90.0              1           R 22
   65   2992.368300000 166.0              0           R 41
   66   2997.810748000  94.0              1               
   67   3080.632300000  98.0              1           R 24
   68   3137.574037000 170.0              0               
   69   3166.880057000 102.0              1               
   70   3256.551000000 106.0              1           R 26
   71   3286.163600000 174.0              0           R 43
   72   3349.641985000 110.0              1               
   73   3438.131809000 178.0              0               
   74   3446.149768000 114.0              1               
   75   3546.070900000 118.0              1           R 29
   76   3593.473400000 182.0              0           R 45
   77   3649.401972000 122.0              1               
   78   3752.182932000 186.0              0               
   79   3756.139354000 126.0              1               
   80   3866.279295000 130.0              1               
   81   3914.254900000 190.0              0           R 47
   82   3979.817800000 134.0              1           R 33
   83   4079.683662000 194.0              0               
   84   4096.751080000 138.0              1               
   85   4217.074983000 142.0              1               
   86   4248.463497000 198.0              0               
   87   4340.785269000 146.0              1               
   88   4420.588455000 202.0              0               
   89   4467.877600000 150.0              1           R 37
   90   4598.347500000 154.0              1           R 38
   91   4732.190400000 158.0              1           R 39
   92   4869.401646000 162.0              1               
   93   5009.976400000 166.0              1           R 41
   94   5153.909729000 170.0              1               
   95   5301.196600000 174.0              1           R 43
   96   5451.831800000 178.0              1           R 44
   97   5605.810078000 182.0              1               
   98   5763.126000000 186.0              1           R 46
   99   5923.774077000 190.0              1               
  100   6087.748673000 194.0              1               
  101   6255.044000000 198.0              1           R 49
  102   6425.654166000 202.0              1               
!NUMBER OF RADIATIVE TRANSITIONS
   100
!TRANS + UP + LOW + EINSTEINA(s^-1) + FREQ(GHz) + E_u(k) + v_u + v_l + Q_p + Q_pp
    1    2    1   5.363e-08     104.7113598     5.02527              0              0                          R  0
    2    3    2   5.145e-07     209.4190922    15.07549              0              0                          R  1
    3    4    3   1.859e-06     314.1195695    30.15063              0              0                          R  2
    4    5    4   4.563e-06     418.8091345    50.24995              0              0                          R  3
    5    6    5   9.096e-06     523.4841894    75.37284              0              0                          R  4
    6    7    6   1.592e-05     628.1411070   105.51826              0              0                          R  5
    7    8    7   2.550e-05     732.7761996   140.68546              0              0                          R  6
    8    9    8   3.826e-05     837.3858998   180.87297              0              0                          R  7
    9   10    9   5.463e-05     941.9665201   226.07932              0              0                          R  8
   10   11   10   7.503e-05    1046.5144931   276.30334              0              0                          R  9
   11   12   11   9.986e-05    1151.0261612   331.54283              0              0                          R 10
   12   13   12   1.295e-04    1255.4978969   391.79618              0              0                          R 11
   13   14   13   1.643e-04    1359.9260728   457.06120              0              0                          R 12
   14   15   14   2.046e-04    1464.3070913   527.33571              0              0                          R 13
   15   16   15   2.507e-04    1568.6372950   602.61708              0              0                          R 14
   16   17   16   3.028e-04    1672.9130864   682.90285              0              0                          R 15
   17   18   17   3.612e-04    1777.1308079   768.19023              0              0                          R 16
   18   19   18   4.263e-04    1881.2868922   858.47619              0              0                          R 17
   19   20   19   4.982e-04    1985.3776816   953.75767              0              0                          R 18
   20   21   20   5.771e-04    2089.3995488  1054.03120              0              0                          R 19
   21   22   21   6.625e-04    2193.3489261  1159.29357              0              0                          R 20
   22   23   22   7.557e-04    2297.2221862  1269.54101              0              0                          R 21
   23   24   23   8.559e-04    2401.0157314  1384.76947              0              0                          R 22
   24   25   24   9.634e-04    2504.7259043  1504.97532              0              0                          R 23
   25   26   25   1.078e-03    2608.3491375  1630.15422              0              0                          R 24
   26   27   26   1.200e-03    2711.8818333  1760.30168              0              0                          R 25
   27   28   27   1.329e-03    2815.3203643  1895.41348              0              0                          R 26
   28   29   28   1.465e-03    2918.6611329  2035.48458              0              0                          R 27
   29   30   29   1.608e-03    3021.9005418  2180.51048              0              0                          R 28
   30   31   30   1.757e-03    3125.0350233  2330.48598              0              0                          R 29
   31   32   31   1.913e-03    3228.0609799  2485.40572              0              0                          R 30
   32   33   32   2.075e-03    3330.9747841  2645.26449              0              0                          R 31
   33   34   33   2.244e-03    3433.7728985  2810.05680              0              0                          R 32
   34   39   34   2.417e-03    3536.4516954  2979.77672              0              0                          R 33
   35   36   35   3.155e-08     103.8030786  2945.34877              1              1                          R  0
   36   37   36   3.026e-07     207.6025298  2955.31195              1              1                          R  1
   37   38   37   1.093e-06     311.3946959  2970.25632              1              1                          R  2
   38   40   38   2.681e-06     415.1759797  2990.18126              1              1                          R  3
   39   45   39   2.595e-03    3639.0076374  3154.41846              0              0                          R 34
   40   41   40   5.342e-06     518.9427534  3015.08619              1              1                          R  4
   41   42   41   9.348e-06     622.6913597  3044.97019              1              1                          R  5
   42   43   42   1.496e-05     726.4181712  3079.83209              1              1                          R  6
   43   44   43   2.242e-05     830.1195902  3119.67085              1              1                          R  7
   44   46   44   3.199e-05     933.7919593  3164.48501              1              1                          R  8
   45   50   45   2.778e-03    3741.4370970  3333.97611              0              0                          R 35
   46   47   46   4.389e-05    1037.4316510  3214.27309              1              1                          R  9
   47   48   47   5.834e-05    1141.0350379  3269.03319              1              1                          R 10
   48   49   48   7.555e-05    1244.5985224  3328.76341              1              1                          R 11
   49   51   49   9.570e-05    1348.1184470  3393.46172              1              1                          R 12
   50   53   50   2.965e-03    3843.7365665  3518.44316              0              0                          R 36
   51   52   51   1.190e-04    1451.5911843  3463.12591              1              1                          R 13
   52   54   52   1.455e-04    1555.0131368  3537.75352              1              1                          R 14
   53   57   53   3.156e-03    3945.9023886  3707.81325              0              0                          R 37
   54   55   54   1.755e-04    1658.3806769  3617.34193              1              1                          R 15
   55   56   55   2.089e-04    1761.6901473  3701.88822              1              1                          R 16
   56   58   56   2.460e-04    1864.9379803  3791.38949              1              1                          R 17
   57   60   57   3.351e-03    4047.9310856  3902.08003              0              0                          R 38
   58   59   58   2.868e-04    1968.1205485  3885.84283              1              1                          R 18
   59   61   59   3.314e-04    2071.2341944  3985.24462              1              1                          R 19
   60   63   60   3.547e-03    4149.8190301  4101.23641              0              0                          R 39
   61   62   61   3.797e-04    2174.2753505  4089.59152              1              1                          R 20
   62   64   62   4.317e-04    2277.2403893  4198.88004              1              1                          R 21
   63   65   63   3.745e-03    4251.5626844  4305.27575              0              0                          R 40
   64   66   64   4.875e-04    2380.1257133  4313.10599              1              1                          R 22
   65   68   65   3.946e-03    4353.1584811  4514.19069              0              0                          R 41
   66   67   66   5.470e-04    2482.9276649  4432.26573              1              1                          R 23
   67   69   67   6.101e-04    2585.6427068  4556.35478              1              1                          R 24
   68   71   68   4.146e-03    4454.6028526  4727.97429              0              0                          R 42
   69   70   69   6.769e-04    2688.2671814  4685.36908              1              1                          R 25
   70   72   70   7.471e-04    2790.7975211  4819.30386              1              1                          R 26
   71   73   71   4.347e-03    4555.8922914  4946.61876              0              0                          R 43
   72   74   72   8.203e-04    2893.2300985  4958.15462              1              1                          R 27
   73   76   73   4.548e-03    4657.0231999  5170.11688              0              0                          R 44
   74   75   74   8.967e-04    2995.5613161  5101.91644              1              1                          R 28
   75   77   75   9.760e-04    3097.7876063  5250.58412              1              1                          R 29
   76   78   76   4.745e-03    4757.9920706  5398.46042              0              0                          R 45
   77   79   77   1.058e-03    3199.9053716  5404.15273              1              1                          R 30
   78   81   78   4.942e-03    4858.7953660  5631.64188              0              0                          R 46
   79   80   79   1.143e-03    3301.9109846  5562.61678              1              1                          R 31
   80   82   80   1.229e-03    3403.8009077  5725.97064              1              1                          R 32
   81   83   81   5.134e-03    4959.4295184  5869.65273              0              0                          R 47
   82   84   82   1.318e-03    3505.5715433  5894.20851              1              1                          R 33
   83   86   83   5.324e-03    5059.8910203  6112.48504              0              0                          R 48
   84   85   84   1.408e-03    3607.2192641  6067.32476              1              1                          R 34
   85   87   85   1.498e-03    3708.7405623  6245.31317              1              1                          R 35
   86   88   86   5.507e-03    5160.1763343  6360.13016              0              0                          R 49
   87   89   87   1.590e-03    3810.1318106  6428.16753              1              1                          R 36
   88   90   89   1.682e-03    3911.3894714  6615.88134              1              1                          R 37
   89   91   90   1.774e-03    4012.5099472  6808.44809              1              1                          R 38
   90   92   91   1.866e-03    4113.4896704  7005.86100              1              1                          R 39
   91   93   92   1.957e-03    4214.3251034  7208.11328              1              1                          R 40
   92   94   93   2.046e-03    4315.0126489  7415.19755              1              1                          R 41
   93   95   94   2.133e-03    4415.5487992  7627.10690              1              1                          R 42
   94   96   95   2.219e-03    4515.9299867  7843.83352              1              1                          R 43
   95   97   96   2.301e-03    4616.1526440  8065.37005              1              1                          R 44
   96   98   97   2.381e-03    4716.2132035  8291.70869              1              1                          R 45
   97   99   98   2.456e-03    4816.1081877  8522.84137              1              1                          R 46
   98  100   99   2.527e-03    4915.8340289  8758.76013              1              1                          R 47
   99  101  100   2.593e-03    5015.3871597  8999.45662              1              1                          R 48
  100  102  101   2.654e-03    5114.7641025  9244.92231              1              1                          R 49
